 10177   1  1.35 72.40   40.800   80.500 1471.000  900.000  900.000  900.000
 10219   2  1.08 55.40   34.700   31.400  776.300  150.000  150.000  150.000
 11707   3  1.28 71.50   36.600  107.100 1235.000  900.000  900.000  600.000
 11978   3  1.23 63.15   37.200  318.900  815.700  900.000  900.000  150.000
 11981   3  1.20 69.60   34.800  438.400 1389.000  900.000  600.000  900.000
 11988   2  1.29 60.70   39.400    0.000 1909.000 1200.000 1200.000 1500.000
 12004   3  1.22 63.80   34.300   24.900 1472.000 1200.000 1200.000 1200.000
 12005   3  1.22 69.15   26.200    3.600  612.000 1200.000 1200.000  375.000
 12006   3  1.24 67.20   32.400   66.300  548.900  129.000  129.000  129.000
 12007   3  1.21 59.60   25.400   27.700 1127.000 1200.000 3000.000  750.000
 12008   2  1.14 53.45   39.000  448.600  639.800 2400.000 2400.000  600.000
 12009   3  1.31 54.70   39.900  163.400  554.500  600.000  600.000  300.000
 12010   3  1.16 65.35   33.800   13.300  887.000  600.000  600.000  300.000
 12021   1  1.23 53.30   31.400  150.500  633.600 1800.000 1800.000 1200.000
 12022   3  1.21 55.05   29.100  239.400  639.600  600.000  300.000  600.000
 12031   1  1.16 64.05   26.300    3.200  807.000 1800.000 1800.000 1200.000
 12032   3  1.07 53.10   36.600  482.600  801.500  900.000  300.000  300.000
 12035   3  1.21 66.08   26.400  103.100 1008.000  171.000  129.000   42.000
 12036   2  1.21 66.65   37.300  114.400  694.100  900.000  900.000  900.000
 12052   3  1.32 59.30   36.500  269.500  753.700  300.000  300.000  300.000
 12055   1  1.09 81.10   39.900  179.500 1203.000  900.000  600.000  300.000
 12057   1  1.23 53.70   40.700  640.600  633.100  900.000  900.000  600.000
 12059   3  1.15 69.15   31.100  201.200  737.400 1200.000 1200.000  300.000
 12064   1  1.14 62.20   33.600  116.600 1237.000  900.000  600.000  450.000
 12072   2  1.14 68.20   37.100   93.500 1060.000  900.000  900.000  600.000
 12084   1  1.19 60.30   34.500   21.300  664.200  600.000  600.000  300.000
 12089   3  1.20 53.60   40.200  199.300  833.000 1350.000 1350.000  300.000
 12090   3  1.32 65.10   38.400   49.300  828.700  300.000  300.000  300.000
 12095   3  1.15 51.50   33.700   55.800 1063.000 1200.000 1200.000 1200.000
 12106   2  1.23 68.30   32.700  252.800 1226.000 1200.000  300.000   63.000
 12111   2  1.27 53.25   35.600    0.300 1187.000  900.000  900.000  600.000
 12128   2  1.09 43.90   36.400   66.200  599.400  129.000  129.000   42.000
 12129   1  1.14 71.60   30.100   66.800  242.700  213.000   87.000   87.000
 12130   3  1.18 63.85   28.700   27.200 1226.000 1500.000  900.000  900.000
 12131   2  1.15 67.80   32.800  134.900  388.000  300.000  300.000  129.000
 12137   1  1.08 57.85   33.100  121.600  584.100  600.000  600.000  600.000
 12139   3  1.30 87.45   31.000 1131.000  691.700 1800.000 2400.000  900.000
 12140   2  1.12 60.50   36.800   33.100 1136.000 1500.000 1500.000  600.000
 12141   1  1.12 64.56   33.600   58.500  560.200   42.000   42.000   42.000
 12145   1  1.11 72.50   35.500    0.000  476.300  600.000  600.000  300.000
 12147   1  1.17 58.80   37.800  283.600  476.200  900.000  600.000  600.000
 12149   1  1.04 45.15   28.600   47.200  624.900  900.000  900.000  300.000
 12150   2  1.26 90.35   40.000    3.400  665.200    0.000    0.000    0.000
 12153   3  1.07 67.35   29.700  171.700  588.600  600.000  300.000   30.000
 12154   2  1.20 57.10   38.400  106.800 1020.000  600.000   42.000  171.000
 12160   1  1.18 45.87   36.400  357.900 1801.000 1200.000 1200.000 1200.000
 12162   1  1.22 62.85   35.600    2.600 1107.000  600.000  300.000  300.000
 12163   2  1.34 71.40   41.200  298.300  586.300 1500.000  300.000  300.000
 12164   3  1.10 53.55   37.600   20.700  851.700  900.000  600.000  300.000
 12173   1  1.08 46.75   38.900  262.600  460.000 1200.000  900.000  600.000
 12174   1  1.11 47.00   35.700    2.200  752.700  213.000    0.000    0.000
 12175   3  1.30 67.95   37.700  458.900 1062.000  600.000  300.000  600.000
 12176   1  1.27 61.25   38.000  107.200  487.400  450.000  300.000  150.000
 12179   1  1.16 61.30   37.300  432.900  824.000  900.000  300.000    0.000
 12181   1  1.04 46.20   30.100  306.400  818.600  300.000  150.000  300.000
 12182   2  1.16 52.08   30.700   95.600  512.300  900.000  300.000  150.000
 12183   1  1.22 58.40   31.800   58.800  523.800  600.000  300.000  300.000
 12184   1  1.18 60.10   38.100  108.900  621.200  171.000  171.000  300.000
 12185   2  1.25 54.50   32.100   48.100 1348.000 1200.000  900.000  600.000
 12186   2  1.20 58.30   32.700  431.600  615.600    0.000    0.000  300.000
 12190   1  1.06 56.10   37.900    8.900  924.600  900.000  900.000  237.000
 12191   2  1.16 54.70   37.300  306.600  799.600  900.000  150.000  150.000
 12194   1  1.13 51.28   30.000  100.700  564.600   87.000   87.000   87.000
 12196   1  1.15 54.00   36.000    6.700 1436.000 1200.000 1200.000  900.000
 12197   2  1.24 57.57   30.500   57.300 1263.000  900.000  900.000  900.000
 12198   2  1.26 65.05   29.500    0.000 1010.000 2400.000 2400.000 1500.000
 12200   1  1.15 59.85   36.100  437.500  874.700  600.000  600.000  300.000
 12204   3  1.17 61.35   35.200  130.300  864.500  900.000  900.000  600.000
 12205   1  1.12 57.25   32.000  157.300  733.000  900.000  600.000  600.000
 12206   3  1.22 51.50   28.300  137.200  638.400  900.000  450.000   87.000
 12207   3  1.05 55.57   28.900  147.300  860.600  750.000  750.000  600.000
 12208   3  1.18 60.00   27.500  131.000  617.600  900.000  900.000   42.000
 12209   2  1.20 62.95   37.400  131.000  546.800 1200.000  900.000  300.000
 12210   2  1.15 68.40   33.000  280.500  641.600 1200.000  900.000  600.000
 12211   1  1.10 72.97   31.500   90.900 1307.000 1200.000 1200.000  450.000
 12216   2  1.25 54.55   39.500    1.700  989.300 1200.000 1200.000  300.000
 12217   3  1.19 79.91   33.100  417.300  678.800 1500.000 1500.000  129.000
 12218   2  1.29 64.10   38.200  460.400  644.400  900.000  900.000 1500.000
 12219   2  1.29 55.45   28.200  206.900 1481.000  900.000 1050.000  750.000
 12220   3  1.33 72.70   41.100  329.300  541.200 1800.000 1500.000 1500.000
 12222   3  1.22 57.20   32.000   12.800 1493.000 1200.000 1200.000 1200.000
 12229   3  1.27 65.90   30.800   75.500  743.300  900.000  300.000  300.000
 12248   1  1.14 64.10   34.400   67.600  758.800  600.000  600.000  900.000
 12252   1  1.12 61.95   29.700   46.500  744.100 1200.000  900.000  450.000
 12254   1  1.19 69.65   31.600  226.500  876.500 1200.000  600.000  600.000
 12255   2  1.17 59.90   37.500  285.300  461.400   87.000   87.000  108.000
 12256   3  1.22 53.90   36.900  100.000  937.300 2400.000 2400.000 1200.000
 12257   2  1.28 57.73   29.000   81.300  715.100  900.000  900.000  600.000
 12258   3  1.13 73.28   34.100  219.100  766.100  900.000  600.000  300.000
 12274   3  1.13 58.15   25.100    9.200  970.500  600.000  213.000   87.000
 12275   2  1.19 52.85   35.800  154.900  682.500  900.000  900.000  300.000
 12276   2  1.25 47.85   39.200   93.700  859.800  300.000   87.000  600.000
 12281   3  1.20 56.92   39.300  458.900  528.300  600.000  300.000    0.000