year month removal
1987   1  2 
1987   2  4 
1987   3  3
1987   4  3 
1987   5  3 
1987   6  8
1987   7  2 
1987   8  6 
1987   9  3
1987  10  9 
1987  11  4 
1987  12  10
1988   1  4 
1988   2  6 
1988   3  4
1988   4  4 
1988   5  3 
1988   6  5
1988   7  3 
1988   8  4 
1988   9  5
1988  10  3 
1988  11  6 
1988  12  3
1989   1  2 
1989   2  6 
1989   3  1
1989   4  5 
1989   5  5 
1989   6  4
1989   7  2 
1989   8  2 
1989   9  2
1989  10  5 
1989  11  1 
1989  12  10
1990   1  3 
1990   2  8 
1990   3  12
1990   4  7 
1990   5  3 
1990   6  2
1990   7  4 
1990   8  3 
1990   9  0
1990  10  6 
1990  11  6 
1990  12  6